cache size = 1283

實際追蹤memory access，並算出reuse distance
AlexNet_CONV4：
	13, 13, 1, 1 (323254080)(96.09%)
	13, 13, 3, 1 (331560768)(98.56%)
	13, 13, 3, 2
	13, 13, 3, 3
	13, 13, 4, 1 (332599104)(98.86%)
	13, 13, 4, 2
	13, 13, 4, 3
	13, 13, 4, 4

AlexNet_CONV5：
	13, 13, 1, 1 (215488320)(96.08%)
	13, 13, 2, 1 (219641664)(97.93%)
	13, 13, 2, 2
	13, 13, 3, 1 (221026112)(98.55%)
	13, 13, 3, 2
	13, 13, 4, 1 (221718336)(98.86%)
	13, 13, 4, 2
	13, 13, 4, 4

直接對loop估算reuse distance
AlexNet_CONV4：
	13, 13, 2, 1 (134252352)(3rd)
	13, 13, 2, 2
	13, 13, 3, 1 (136329024)(2nd)
	13, 13, 3, 2
	13, 13, 3, 3
	13, 13, 4, 1 (137367360)(1st)
	13, 13, 4, 2
	13, 13, 4, 3
	13, 13, 4, 4

AlexNet_CONV5：
	13, 13, 2, 1 (89487168)(3rd)
	13, 13, 2, 2
	13, 13, 3, 1 (90871616)(2nd)
	13, 13, 3, 2
	13, 13, 4, 1 (91563840)(1st)
	13, 13, 4, 2
	13, 13, 4, 4